name: megablast
channels:
  - bioconda
  - r
  - defaults
  - conda-forge
dependencies:
  - blast=2.7.1=h96bfa4b_5
  - perl-archive-tar=2.18=pl526_3
  - perl-carp=1.38=pl526_1
  - perl-compress-raw-bzip2=2.074=pl526hfc679d8_0
  - perl-compress-raw-zlib=2.081=pl526h2d50403_0
  - perl-data-dumper=2.161=pl526_2
  - perl-encode=2.88=pl526_1
  - perl-exporter=5.72=pl526_1
  - perl-exporter-tiny=1.000000=pl526_0
  - perl-extutils-makemaker=7.34=pl526_2
  - perl-io-compress=2.069=pl526hfc679d8_5
  - perl-io-zlib=1.10=pl526_2
  - perl-list-moreutils=0.428=pl526_1
  - perl-list-moreutils-xs=0.428=pl526_0
  - perl-parent=0.236=pl526_1
  - perl-pathtools=3.73=h470a237_2
  - perl-scalar-list-utils=1.45=pl526h470a237_3
  - perl-test-more=1.001002=pl526_1
  - perl-xsloader=0.24=pl526_0
  - boost=1.66.0=py36_1
  - boost-cpp=1.66.0=1
  - gnutls=3.5.19=h2a4e5f8_1
  - nettle=3.3=0
  - blas=1.0=mkl
  - bzip2=1.0.6=h14c3975_5
  - ca-certificates=2018.03.07=0
  - certifi=2018.8.24=py36_1
  - gmp=6.1.2=h6c8ec71_1
  - icu=58.2=h9c2bf20_1
  - intel-openmp=2018.0.3=0
  - libedit=3.1.20170329=h6b74fdf_2
  - libffi=3.2.1=hd88cf55_4
  - libgcc-ng=8.2.0=hdf63c60_1
  - libgfortran-ng=7.3.0=hdf63c60_0
  - libstdcxx-ng=8.2.0=hdf63c60_1
  - mkl=2018.0.3=1
  - mkl_fft=1.0.4=py36h4414c95_1
  - mkl_random=1.0.1=py36h4414c95_1
  - ncurses=6.1=hf484d3e_0
  - numpy=1.15.1=py36h1d66e8a_0
  - numpy-base=1.15.1=py36h81de0dd_0
  - openssl=1.0.2p=h14c3975_0
  - pcre=8.42=h439df22_0
  - perl=5.26.2=h14c3975_0
  - pip=10.0.1=py36_0
  - python=3.6.6=hc3d631a_0
  - readline=7.0=h7b6447c_5
  - setuptools=40.2.0=py36_0
  - sqlite=3.24.0=h84994c4_0
  - tk=8.6.8=hbc83047_0
  - wheel=0.31.1=py36_0
  - xz=5.2.4=h14c3975_4
  - zlib=1.2.11=ha838bed_2
prefix: /home/aflageul/miniconda3/envs/megablast

